avg_write_time(ms/10000rows):46.8200927734
avg_query_q1_time(ms):1.50604248047
avg_query_q3_time(ms):2.21398193359
avg_query_q2_time(ms):1.78776123047
avg_query_q5_time(ms):301.729423828
avg_query_q4_time(ms):192.414335937
avg_query_q6_time(ms):293.925852051
