avg_write_time(ms/10000rows):50.2953344727
avg_query_q1_time(ms):1.44819824219
avg_query_q3_time(ms):2.13912353516
avg_query_q2_time(ms):1.75036132812
avg_query_q5_time(ms):306.294599609
avg_query_q4_time(ms):191.34661377
avg_query_q6_time(ms):283.810097656
