avg_write_time(ms/10000rows):82.704220007
avg_query_q1_time(ms):0.0346118164063
avg_query_q3_time(ms):10.3271313477
avg_query_q2_time(ms):0.0348852539062
avg_query_q5_time(ms):0.0642456054687
avg_query_q4_time(ms):1055.94130371
avg_query_q6_time(ms):0.0800732421875
