avg_write_time(ms/10000rows):0.0007470703125
avg_query_q1_time(ms):0.0311694335938
avg_query_q3_time(ms):0.0412573242188
avg_query_q2_time(ms):0.0438671875
avg_query_q5_time(ms):0.0672631835937
avg_query_q4_time(ms):449.113300781
avg_query_q6_time(ms):0.0499194335937
