avg_write_time(ms/10000rows):75.0042041016
avg_query_q1_time(ms):2.2075
avg_query_q3_time(ms):2.48283691406
avg_query_q2_time(ms):2.18768066406
avg_query_q5_time(ms):631.993063965
avg_query_q4_time(ms):177.359348145
avg_query_q6_time(ms):406.15064209
