avg_write_time(ms/10000rows):66.9281835938
avg_query_q1_time(ms):1.25299072266
avg_query_q3_time(ms):1.73638427734
avg_query_q2_time(ms):1.53550048828
avg_query_q5_time(ms):62.4191040039
avg_query_q4_time(ms):42.7281103516
avg_query_q6_time(ms):58.9514770508
